6150000000000000000000000000
2c20000000000000000000000000
2w20000000000000000000000000
2i20000000000000000000000000
2a20000000000000000000000000
2720000000000000000000000000
2720000000000000000000000000
2720000000000000000000000000
2720000000000000000000000000
2p20000000000000000000000000
2820000000000000000000000000
4130000000000000000000000000
0000000000000000000000000000
0000000000000000000000000000
0000000000000000000000000000
0000000000000000000000000000
0000000000000000000000000000
0000000000000000000000000000
0000000000000000000000000000
0000000000000000000000000000
0000000000000000000000000000
0000000000000000000000000000
0000000000000000000000000000
0000000000000000000000000000
0000000000000000000000000000
0000000000000000000000000000
0000000000000000000000000000
0000000000000000000000000000
0000000000000000000000000000
0000000000000000000000000000
0000000000000000000000000000
0000000000000000000000000000
0000000000000000000000000000
0000000000000000000000000000
0000000000000000000000000000
0000000000000000000000000000